
Step 4 — Time-Based Trend Analysis

Houses Per Decade:
YearBuilt_Decade
1870      2
1880      7
1890      6
1900     15
1910     58
1920     97
1930     54
1940     79
1950    167
1960    175
1970    188
1980     61
1990    163
2000    387
2010      1
Name: Id, dtype: int64

Average SalePrice by Decade:
YearBuilt_Decade
1870    108000.000000
1880    170425.571429
1890    216316.666667
1900    129828.400000
1910    131511.482759
1920    123268.350515
1930    144415.833333
1940    126887.481013
1950    140935.670659
1960    153852.640000
1970    152828.335106
1980    190080.327869
1990    228404.220859
2000    242046.416021
2010    394432.000000
Name: SalePrice, dtype: float64
